

Max connectivity of graph with 179 nodes: 4
Connectivity all nodes: [3, 4, 3, 3, 3, 3, 3, 3, 3, 3, 3, 3, 3, 3, 3, 3, 3, 3, 3, 3, 3, 3, 3, 3, 3, 3, 3, 3, 3, 3, 3, 3, 3, 3, 3, 3, 3, 3, 3, 3, 3, 3, 3, 3, 3, 3, 3, 3, 3, 3, 3, 3, 3, 3, 3, 3, 3, 3, 3, 3, 3, 3, 3, 3, 3, 3, 3, 3, 3, 3, 3, 3, 3, 3, 3, 3, 3, 3, 3, 3, 3, 3, 3, 3, 3, 3, 3, 3, 3, 3, 3, 3, 3, 3, 3, 3, 3, 3, 3, 3, 3, 3, 3, 3, 3, 3, 3, 3, 3, 3, 3, 3, 3, 3, 3, 3, 3, 3, 3, 3, 3, 3, 3, 3, 3, 3, 3, 3, 3, 3, 3, 3, 3, 3, 3, 3, 3, 3, 3, 3, 3, 3, 3, 3, 3, 3, 3, 3, 3, 3, 3, 3, 3, 3, 3, 3, 3, 3, 3, 3, 3, 3, 3, 3, 3, 3, 3, 3, 3, 3, 3, 3, 3, 3, 3, 3, 3, 3, 3]

Max connectivity of graph with 178 nodes: 4
Connectivity all nodes: [3, 4, 3, 3, 3, 3, 3, 3, 3, 3, 3, 3, 3, 3, 3, 3, 3, 3, 3, 3, 3, 3, 3, 3, 3, 3, 3, 3, 3, 3, 3, 3, 3, 3, 3, 3, 3, 3, 3, 3, 3, 3, 3, 3, 3, 3, 3, 3, 3, 3, 3, 3, 3, 3, 3, 3, 3, 3, 3, 3, 3, 3, 3, 3, 3, 3, 3, 3, 3, 3, 3, 3, 3, 3, 3, 3, 3, 3, 3, 3, 3, 3, 3, 3, 3, 3, 3, 4, 3, 3, 3, 3, 3, 3, 3, 3, 3, 3, 3, 3, 3, 3, 3, 3, 3, 3, 3, 3, 3, 3, 3, 3, 3, 3, 3, 3, 3, 3, 3, 3, 3, 3, 3, 3, 3, 3, 3, 3, 3, 3, 3, 3, 3, 3, 3, 3, 3, 3, 3, 3, 3, 3, 3, 3, 3, 3, 3, 3, 3, 3, 3, 3, 3, 3, 3, 3, 3, 3, 3, 3, 3, 3, 3, 3, 3, 3, 3, 3, 3, 3, 3, 3, 3, 3, 3, 3, 3, 3]

Max connectivity of graph with 177 nodes: 4
Connectivity all nodes: [3, 3, 3, 3, 3, 3, 3, 3, 3, 3, 3, 3, 3, 3, 3, 3, 3, 3, 3, 3, 3, 3, 3, 3, 3, 3, 3, 3, 3, 3, 3, 3, 3, 3, 3, 3, 3, 3, 3, 3, 3, 3, 3, 3, 3, 3, 3, 3, 3, 3, 3, 3, 3, 3, 3, 3, 3, 3, 3, 3, 3, 3, 3, 3, 3, 3, 3, 3, 3, 3, 3, 3, 3, 3, 3, 3, 3, 3, 3, 3, 3, 3, 3, 3, 3, 3, 3, 4, 3, 3, 3, 3, 3, 3, 3, 3, 3, 3, 3, 3, 3, 3, 3, 3, 3, 3, 3, 3, 3, 3, 3, 3, 3, 3, 3, 3, 3, 3, 3, 3, 3, 3, 3, 3, 3, 3, 3, 3, 3, 3, 3, 3, 3, 3, 3, 3, 3, 3, 3, 3, 3, 3, 3, 3, 3, 3, 3, 3, 3, 3, 3, 3, 3, 3, 3, 3, 3, 3, 3, 3, 3, 3, 3, 3, 3, 3, 3, 3, 3, 3, 3, 3, 3, 3, 3, 3, 3]

Max connectivity of graph with 176 nodes: 4
Connectivity all nodes: [3, 3, 3, 3, 3, 3, 3, 3, 3, 3, 3, 3, 3, 3, 3, 3, 3, 3, 3, 3, 3, 3, 3, 3, 3, 3, 3, 3, 3, 3, 3, 3, 3, 3, 3, 3, 3, 3, 3, 3, 3, 3, 3, 3, 3, 3, 3, 3, 3, 3, 3, 3, 3, 3, 3, 3, 3, 3, 3, 3, 3, 3, 3, 3, 3, 3, 3, 3, 3, 3, 3, 3, 3, 3, 3, 3, 3, 3, 3, 3, 3, 3, 4, 3, 3, 3, 4, 3, 3, 3, 3, 3, 3, 3, 3, 3, 3, 3, 3, 3, 3, 3, 3, 3, 3, 3, 3, 3, 3, 3, 3, 3, 3, 3, 3, 3, 3, 3, 3, 3, 3, 3, 3, 3, 3, 3, 3, 3, 3, 3, 3, 3, 3, 3, 3, 3, 3, 3, 3, 3, 3, 3, 3, 3, 3, 3, 3, 3, 3, 3, 3, 3, 3, 3, 3, 3, 3, 3, 3, 3, 3, 3, 3, 3, 3, 3, 3, 3, 3, 3, 3, 3, 3, 3, 3, 3]

Max connectivity of graph with 175 nodes: 5
Connectivity all nodes: [3, 3, 3, 3, 3, 3, 3, 3, 3, 3, 3, 3, 3, 3, 3, 3, 3, 3, 3, 3, 3, 3, 3, 3, 3, 3, 3, 3, 3, 3, 3, 3, 3, 3, 3, 3, 3, 3, 3, 3, 3, 3, 3, 3, 3, 3, 3, 3, 3, 3, 3, 3, 3, 3, 3, 3, 3, 3, 3, 3, 3, 3, 3, 3, 3, 3, 3, 3, 3, 3, 3, 3, 3, 3, 3, 3, 3, 3, 3, 3, 3, 4, 3, 3, 3, 5, 3, 3, 3, 3, 3, 3, 3, 3, 3, 3, 3, 3, 3, 3, 3, 3, 3, 3, 3, 3, 3, 3, 3, 3, 3, 3, 3, 3, 3, 3, 3, 3, 3, 3, 3, 3, 3, 3, 3, 3, 3, 3, 3, 3, 3, 3, 3, 3, 3, 3, 3, 3, 3, 3, 3, 3, 3, 3, 3, 3, 3, 3, 3, 3, 3, 3, 3, 3, 3, 3, 3, 3, 3, 3, 3, 3, 3, 3, 3, 3, 3, 3, 3, 3, 3, 3, 3, 3, 3]

Max connectivity of graph with 174 nodes: 5
Connectivity all nodes: [3, 3, 3, 3, 3, 3, 3, 3, 3, 3, 3, 3, 3, 3, 3, 3, 3, 3, 3, 3, 3, 3, 3, 3, 3, 3, 3, 3, 3, 3, 3, 3, 3, 3, 3, 3, 3, 3, 3, 3, 3, 3, 3, 3, 3, 3, 3, 3, 3, 3, 3, 3, 3, 3, 3, 3, 3, 3, 3, 3, 3, 3, 3, 3, 3, 3, 3, 3, 3, 3, 3, 3, 3, 3, 3, 3, 4, 3, 3, 3, 4, 3, 3, 3, 5, 3, 3, 3, 3, 3, 3, 3, 3, 3, 3, 3, 3, 3, 3, 3, 3, 3, 3, 3, 3, 3, 3, 3, 3, 3, 3, 3, 3, 3, 3, 3, 3, 3, 3, 3, 3, 3, 3, 3, 3, 3, 3, 3, 3, 3, 3, 3, 3, 3, 3, 3, 3, 3, 3, 3, 3, 3, 3, 3, 3, 3, 3, 3, 3, 3, 3, 3, 3, 3, 3, 3, 3, 3, 3, 3, 3, 3, 3, 3, 3, 3, 3, 3, 3, 3, 3, 3, 3, 3]

Max connectivity of graph with 173 nodes: 5
Connectivity all nodes: [3, 3, 3, 3, 3, 3, 3, 3, 3, 3, 3, 3, 3, 3, 3, 3, 3, 3, 3, 3, 3, 3, 3, 3, 3, 3, 3, 3, 3, 3, 3, 3, 3, 3, 3, 3, 3, 3, 3, 3, 3, 3, 3, 3, 3, 3, 3, 3, 3, 3, 3, 3, 3, 3, 3, 3, 3, 3, 3, 3, 3, 3, 3, 3, 3, 3, 3, 3, 3, 3, 3, 3, 3, 3, 3, 3, 3, 3, 3, 4, 3, 3, 3, 5, 3, 3, 3, 3, 3, 3, 3, 3, 3, 3, 3, 3, 3, 3, 3, 3, 3, 3, 3, 3, 3, 3, 3, 3, 3, 3, 3, 3, 3, 3, 3, 3, 3, 3, 3, 3, 3, 3, 3, 3, 3, 3, 3, 3, 3, 3, 3, 3, 3, 3, 3, 3, 3, 3, 3, 3, 3, 3, 3, 3, 3, 3, 3, 3, 3, 3, 3, 3, 3, 3, 3, 3, 3, 3, 3, 3, 3, 3, 3, 3, 3, 3, 3, 3, 3, 3, 3, 3, 3]

Max connectivity of graph with 172 nodes: 5
Connectivity all nodes: [3, 3, 3, 3, 3, 3, 3, 3, 3, 3, 3, 3, 3, 3, 3, 3, 3, 3, 3, 3, 3, 3, 3, 3, 3, 3, 3, 3, 3, 3, 3, 3, 3, 3, 3, 3, 3, 3, 3, 3, 3, 3, 3, 3, 3, 3, 3, 3, 3, 3, 3, 3, 3, 3, 3, 3, 3, 3, 3, 3, 3, 3, 3, 3, 3, 3, 3, 3, 3, 3, 3, 3, 3, 3, 3, 3, 3, 3, 5, 3, 3, 3, 5, 3, 3, 3, 3, 3, 3, 3, 3, 3, 3, 3, 3, 3, 3, 3, 3, 3, 3, 3, 3, 3, 3, 3, 3, 3, 3, 3, 3, 3, 3, 3, 3, 3, 3, 3, 3, 3, 3, 3, 3, 3, 3, 3, 3, 3, 3, 3, 3, 3, 3, 3, 3, 3, 3, 3, 3, 3, 3, 3, 3, 3, 3, 3, 3, 3, 3, 3, 3, 3, 3, 3, 3, 3, 3, 3, 3, 3, 3, 3, 3, 3, 3, 3, 3, 3, 3, 3, 3, 3]

Max connectivity of graph with 171 nodes: 5
Connectivity all nodes: [3, 3, 3, 3, 3, 3, 3, 3, 3, 3, 3, 3, 3, 3, 3, 3, 3, 3, 3, 3, 3, 3, 3, 3, 3, 3, 3, 3, 3, 3, 3, 3, 3, 3, 3, 3, 3, 3, 3, 3, 3, 3, 3, 3, 3, 3, 3, 3, 3, 3, 3, 3, 3, 3, 3, 3, 3, 3, 3, 3, 3, 3, 3, 3, 3, 3, 3, 3, 3, 3, 3, 3, 3, 3, 3, 3, 3, 5, 3, 3, 3, 5, 3, 3, 3, 3, 3, 3, 3, 3, 3, 3, 3, 3, 3, 3, 3, 3, 3, 3, 3, 3, 3, 3, 3, 3, 3, 3, 3, 3, 3, 3, 3, 3, 3, 3, 3, 3, 3, 3, 3, 3, 3, 3, 3, 3, 3, 3, 3, 3, 3, 3, 3, 3, 3, 3, 3, 3, 3, 3, 3, 3, 3, 3, 3, 3, 3, 3, 3, 3, 3, 3, 3, 3, 3, 3, 3, 3, 3, 3, 3, 3, 3, 3, 3, 3, 3, 3, 3, 3, 4]

Max connectivity of graph with 170 nodes: 5
Connectivity all nodes: [3, 3, 3, 3, 3, 3, 3, 3, 3, 3, 3, 3, 3, 3, 3, 3, 3, 3, 3, 3, 3, 3, 3, 3, 3, 3, 3, 3, 3, 3, 3, 3, 3, 3, 3, 3, 3, 3, 3, 3, 3, 3, 3, 3, 3, 3, 3, 3, 3, 3, 3, 3, 3, 3, 3, 3, 3, 3, 3, 3, 4, 3, 3, 3, 3, 3, 3, 3, 3, 3, 3, 3, 3, 3, 3, 3, 5, 3, 3, 3, 5, 3, 3, 3, 3, 3, 3, 3, 3, 3, 3, 3, 3, 3, 3, 3, 3, 3, 3, 3, 3, 3, 3, 3, 3, 3, 3, 3, 3, 3, 3, 3, 3, 3, 3, 3, 3, 3, 3, 3, 3, 3, 3, 3, 3, 3, 3, 3, 3, 3, 3, 3, 3, 3, 3, 3, 3, 3, 3, 3, 3, 3, 3, 3, 3, 3, 3, 3, 3, 3, 3, 3, 3, 3, 3, 3, 3, 3, 3, 3, 3, 3, 3, 3, 3, 3, 3, 3, 3, 4]

Max connectivity of graph with 169 nodes: 5
Connectivity all nodes: [3, 3, 3, 3, 3, 3, 3, 3, 3, 3, 3, 3, 3, 3, 3, 3, 3, 3, 3, 3, 3, 3, 3, 3, 3, 3, 3, 3, 3, 3, 3, 3, 3, 3, 3, 4, 3, 3, 3, 3, 3, 3, 3, 3, 3, 3, 3, 3, 3, 3, 3, 3, 3, 3, 3, 3, 3, 3, 3, 3, 4, 3, 3, 3, 3, 3, 3, 3, 3, 3, 3, 3, 3, 3, 3, 5, 3, 3, 3, 5, 3, 3, 3, 3, 3, 3, 3, 3, 3, 3, 3, 3, 3, 3, 3, 3, 3, 3, 3, 3, 3, 3, 3, 3, 3, 3, 3, 3, 3, 3, 3, 3, 3, 3, 3, 3, 3, 3, 3, 3, 3, 3, 3, 3, 3, 3, 3, 3, 3, 3, 3, 3, 3, 3, 3, 3, 3, 3, 3, 3, 3, 3, 3, 3, 3, 3, 3, 3, 3, 3, 3, 3, 3, 3, 3, 3, 3, 3, 3, 3, 3, 3, 3, 3, 3, 3, 3, 3, 4]

Max connectivity of graph with 168 nodes: 5
Connectivity all nodes: [3, 3, 3, 3, 3, 3, 3, 3, 3, 3, 3, 3, 3, 3, 3, 3, 3, 3, 3, 3, 3, 3, 3, 3, 3, 3, 3, 3, 3, 3, 3, 3, 3, 3, 4, 3, 4, 3, 3, 3, 3, 3, 3, 3, 3, 3, 3, 3, 3, 3, 3, 3, 3, 3, 3, 3, 3, 3, 3, 4, 3, 3, 3, 3, 3, 3, 3, 3, 3, 3, 3, 3, 3, 3, 5, 3, 3, 3, 5, 3, 3, 3, 3, 3, 3, 3, 3, 3, 3, 3, 3, 3, 3, 3, 3, 3, 3, 3, 3, 3, 3, 3, 3, 3, 3, 3, 3, 3, 3, 3, 3, 3, 3, 3, 3, 3, 3, 3, 3, 3, 3, 3, 3, 3, 3, 3, 3, 3, 3, 3, 3, 3, 3, 3, 3, 3, 3, 3, 3, 3, 3, 3, 3, 3, 3, 3, 3, 3, 3, 3, 3, 3, 3, 3, 3, 3, 3, 3, 3, 3, 3, 3, 3, 3, 3, 3, 3, 4]

Max connectivity of graph with 167 nodes: 5
Connectivity all nodes: [3, 3, 3, 3, 3, 3, 3, 3, 3, 3, 3, 3, 3, 3, 3, 3, 3, 3, 3, 3, 3, 3, 3, 3, 3, 3, 3, 3, 3, 3, 3, 3, 3, 3, 4, 3, 4, 3, 3, 3, 3, 3, 3, 3, 3, 3, 3, 3, 3, 3, 3, 3, 3, 3, 3, 3, 3, 3, 3, 5, 3, 3, 3, 3, 3, 3, 3, 3, 3, 3, 3, 3, 3, 5, 3, 3, 3, 5, 3, 3, 3, 3, 3, 3, 3, 3, 3, 3, 3, 3, 3, 3, 3, 3, 3, 3, 3, 3, 3, 3, 3, 3, 3, 3, 3, 3, 3, 3, 3, 3, 3, 3, 3, 3, 3, 3, 3, 3, 3, 3, 3, 3, 3, 3, 3, 3, 3, 3, 3, 3, 3, 3, 3, 3, 3, 3, 3, 3, 3, 3, 3, 3, 3, 3, 3, 3, 3, 3, 3, 3, 3, 3, 3, 3, 3, 3, 3, 3, 3, 3, 3, 3, 3, 3, 3, 3, 4]

Max connectivity of graph with 166 nodes: 5
Connectivity all nodes: [3, 3, 3, 3, 3, 3, 3, 3, 3, 3, 3, 3, 3, 3, 3, 3, 3, 3, 3, 3, 3, 3, 3, 3, 3, 3, 3, 3, 3, 3, 3, 3, 3, 3, 4, 3, 4, 3, 3, 3, 3, 3, 3, 3, 3, 3, 3, 3, 3, 3, 3, 3, 3, 3, 3, 3, 3, 3, 3, 4, 3, 3, 3, 3, 3, 3, 3, 3, 3, 3, 3, 3, 3, 5, 3, 3, 3, 5, 3, 3, 3, 3, 3, 3, 3, 3, 3, 3, 3, 3, 3, 3, 3, 3, 3, 3, 3, 3, 3, 3, 3, 3, 3, 3, 3, 3, 3, 3, 3, 3, 3, 3, 3, 3, 3, 3, 3, 3, 3, 3, 3, 3, 3, 3, 3, 3, 3, 3, 3, 3, 3, 3, 3, 3, 3, 3, 3, 3, 3, 3, 3, 3, 3, 3, 3, 3, 3, 3, 3, 3, 3, 3, 3, 3, 3, 4, 3, 3, 3, 3, 3, 3, 3, 3, 3, 3]

Max connectivity of graph with 165 nodes: 6
Connectivity all nodes: [3, 3, 3, 3, 3, 3, 3, 3, 3, 3, 3, 3, 3, 3, 3, 3, 3, 3, 3, 3, 3, 3, 3, 3, 3, 3, 3, 3, 3, 3, 3, 3, 3, 3, 4, 3, 4, 3, 3, 3, 3, 3, 3, 3, 3, 3, 3, 3, 3, 3, 3, 3, 3, 3, 3, 3, 3, 3, 3, 3, 3, 3, 3, 3, 3, 3, 3, 3, 3, 3, 3, 3, 5, 3, 3, 3, 5, 3, 3, 3, 3, 3, 3, 3, 3, 3, 3, 3, 3, 3, 3, 3, 3, 3, 3, 3, 3, 3, 3, 3, 3, 3, 3, 3, 3, 3, 3, 3, 3, 3, 3, 3, 3, 3, 3, 3, 3, 3, 3, 3, 3, 3, 3, 3, 3, 3, 3, 3, 3, 3, 3, 3, 3, 3, 3, 3, 3, 3, 3, 3, 3, 3, 3, 3, 3, 3, 3, 3, 3, 3, 3, 3, 3, 3, 6, 3, 3, 3, 3, 3, 3, 3, 3, 3, 3]

Max connectivity of graph with 164 nodes: 6
Connectivity all nodes: [3, 3, 3, 3, 3, 3, 3, 3, 3, 4, 3, 3, 3, 3, 3, 3, 3, 3, 3, 3, 3, 3, 3, 3, 3, 3, 3, 3, 3, 3, 3, 3, 3, 3, 4, 3, 4, 3, 3, 3, 3, 3, 3, 3, 3, 3, 3, 3, 3, 3, 3, 3, 3, 3, 3, 3, 3, 3, 3, 3, 3, 3, 3, 3, 3, 3, 3, 3, 3, 3, 3, 3, 5, 3, 3, 3, 5, 3, 3, 3, 3, 3, 3, 3, 3, 3, 3, 3, 3, 3, 3, 3, 3, 3, 3, 3, 3, 3, 3, 3, 3, 3, 3, 3, 3, 3, 3, 3, 3, 3, 3, 3, 3, 3, 3, 3, 3, 3, 3, 3, 3, 3, 3, 3, 3, 3, 3, 3, 3, 3, 3, 3, 3, 3, 3, 3, 3, 3, 3, 3, 3, 3, 3, 3, 3, 3, 3, 3, 3, 3, 3, 3, 3, 6, 3, 3, 3, 3, 3, 3, 3, 3, 3, 3]

Max connectivity of graph with 163 nodes: 6
Connectivity all nodes: [3, 3, 3, 3, 3, 3, 3, 3, 3, 4, 3, 3, 3, 3, 3, 3, 3, 3, 3, 3, 3, 3, 3, 3, 3, 3, 3, 3, 3, 3, 3, 3, 3, 3, 4, 3, 4, 3, 3, 3, 3, 3, 3, 3, 3, 3, 3, 3, 3, 3, 3, 3, 3, 3, 3, 3, 3, 3, 3, 3, 3, 3, 3, 3, 3, 3, 3, 3, 3, 3, 3, 3, 5, 3, 3, 3, 5, 3, 3, 3, 3, 3, 3, 3, 3, 3, 3, 3, 3, 3, 3, 3, 3, 3, 3, 3, 3, 3, 3, 3, 3, 3, 3, 3, 3, 3, 3, 3, 3, 3, 3, 3, 3, 3, 3, 3, 3, 3, 3, 3, 3, 3, 3, 3, 3, 3, 3, 3, 3, 3, 4, 3, 3, 3, 3, 3, 3, 3, 3, 3, 3, 3, 3, 3, 3, 3, 3, 3, 3, 3, 3, 3, 3, 6, 3, 3, 3, 3, 3, 3, 3, 3, 3]

Max connectivity of graph with 162 nodes: 6
Connectivity all nodes: [3, 4, 3, 3, 3, 3, 3, 3, 4, 3, 3, 3, 3, 3, 3, 3, 3, 3, 3, 3, 3, 3, 3, 3, 3, 3, 3, 3, 3, 3, 3, 3, 3, 4, 3, 4, 3, 3, 3, 3, 3, 3, 3, 3, 3, 3, 3, 3, 3, 3, 3, 3, 3, 3, 3, 3, 3, 3, 3, 3, 3, 3, 3, 3, 3, 3, 3, 3, 3, 3, 3, 5, 3, 3, 3, 5, 3, 3, 3, 3, 3, 3, 3, 3, 3, 3, 3, 3, 3, 3, 3, 3, 3, 3, 3, 3, 3, 3, 3, 3, 3, 3, 3, 3, 3, 3, 3, 3, 3, 3, 3, 3, 3, 3, 3, 3, 3, 3, 3, 3, 3, 3, 3, 3, 3, 3, 3, 3, 3, 4, 3, 3, 3, 3, 3, 3, 3, 3, 3, 3, 3, 3, 3, 3, 3, 3, 3, 3, 3, 3, 3, 3, 6, 3, 3, 3, 3, 3, 3, 3, 3, 3]

Max connectivity of graph with 161 nodes: 6
Connectivity all nodes: [3, 4, 3, 3, 3, 3, 3, 3, 4, 3, 3, 3, 3, 3, 3, 3, 3, 3, 3, 3, 3, 3, 3, 3, 3, 3, 3, 3, 3, 3, 3, 3, 3, 4, 3, 4, 3, 3, 3, 3, 3, 4, 3, 3, 3, 3, 3, 3, 3, 3, 3, 3, 3, 3, 3, 3, 3, 3, 3, 3, 3, 3, 3, 3, 3, 3, 3, 3, 3, 3, 3, 5, 3, 3, 3, 5, 3, 3, 3, 3, 3, 3, 3, 3, 3, 3, 3, 3, 3, 3, 3, 3, 3, 3, 3, 3, 3, 3, 3, 3, 3, 3, 3, 3, 3, 3, 3, 3, 3, 3, 3, 3, 3, 3, 3, 3, 3, 3, 3, 3, 3, 3, 3, 3, 3, 3, 3, 3, 3, 4, 3, 3, 3, 3, 3, 3, 3, 3, 3, 3, 3, 3, 3, 3, 3, 3, 3, 3, 3, 3, 3, 6, 3, 3, 3, 3, 3, 3, 3, 3, 3]

Max connectivity of graph with 160 nodes: 6
Connectivity all nodes: [3, 4, 3, 3, 3, 3, 3, 3, 4, 3, 3, 3, 3, 3, 3, 3, 3, 3, 3, 3, 3, 3, 3, 3, 3, 3, 3, 3, 3, 3, 3, 3, 3, 4, 3, 5, 3, 3, 3, 3, 3, 4, 3, 3, 3, 3, 3, 3, 3, 3, 3, 3, 3, 3, 3, 3, 3, 3, 3, 3, 3, 3, 3, 3, 3, 3, 3, 3, 3, 3, 3, 5, 3, 3, 3, 5, 3, 3, 3, 3, 3, 3, 3, 3, 3, 3, 3, 3, 3, 3, 3, 3, 3, 3, 3, 3, 3, 3, 3, 3, 3, 3, 3, 3, 3, 3, 3, 3, 3, 3, 3, 3, 3, 3, 3, 3, 3, 3, 3, 3, 3, 3, 3, 3, 3, 3, 3, 3, 4, 3, 3, 3, 3, 3, 3, 3, 3, 3, 3, 3, 3, 3, 3, 3, 3, 3, 3, 3, 3, 3, 6, 3, 3, 3, 3, 3, 3, 3, 3, 3]

Max connectivity of graph with 159 nodes: 6
Connectivity all nodes: [3, 4, 3, 3, 3, 3, 3, 3, 4, 3, 3, 3, 3, 3, 3, 3, 3, 3, 3, 3, 3, 3, 3, 3, 3, 3, 3, 3, 3, 3, 3, 3, 3, 4, 3, 5, 3, 3, 3, 3, 3, 4, 3, 3, 3, 3, 3, 3, 3, 3, 3, 3, 3, 3, 3, 3, 3, 3, 3, 3, 3, 3, 3, 3, 3, 3, 3, 3, 3, 3, 3, 5, 3, 3, 3, 5, 3, 3, 3, 3, 3, 3, 3, 3, 3, 3, 3, 3, 3, 3, 3, 3, 3, 3, 3, 3, 3, 3, 3, 3, 3, 3, 3, 3, 3, 3, 4, 3, 3, 3, 3, 3, 3, 3, 3, 3, 3, 3, 3, 3, 3, 3, 3, 3, 3, 3, 3, 4, 3, 3, 3, 3, 3, 3, 3, 3, 3, 3, 3, 3, 3, 3, 3, 3, 3, 3, 3, 3, 3, 6, 3, 3, 3, 3, 3, 3, 3, 3, 3]

Max connectivity of graph with 158 nodes: 5
Connectivity all nodes: [3, 4, 3, 3, 3, 3, 3, 3, 4, 3, 3, 3, 3, 3, 3, 3, 3, 3, 3, 3, 3, 3, 3, 3, 3, 3, 3, 3, 3, 3, 3, 3, 3, 4, 3, 5, 3, 3, 3, 3, 3, 4, 3, 3, 3, 3, 3, 3, 3, 3, 3, 3, 3, 3, 3, 3, 3, 3, 3, 3, 3, 3, 3, 3, 3, 3, 3, 3, 3, 3, 3, 5, 3, 3, 3, 5, 3, 3, 3, 3, 3, 3, 3, 3, 3, 3, 3, 3, 3, 3, 3, 3, 3, 3, 3, 3, 3, 3, 3, 3, 3, 3, 3, 3, 3, 3, 5, 3, 3, 3, 3, 3, 3, 3, 3, 3, 3, 3, 3, 3, 3, 3, 3, 3, 3, 3, 3, 3, 3, 3, 3, 3, 3, 3, 3, 3, 3, 3, 3, 3, 3, 3, 3, 3, 3, 3, 3, 3, 5, 3, 3, 3, 3, 3, 3, 3, 3, 3]

Max connectivity of graph with 157 nodes: 5
Connectivity all nodes: [3, 4, 3, 3, 3, 3, 3, 3, 4, 3, 3, 3, 3, 3, 3, 3, 3, 3, 3, 3, 3, 3, 3, 3, 3, 3, 3, 3, 3, 3, 3, 3, 3, 4, 3, 5, 3, 3, 3, 3, 3, 4, 3, 3, 3, 3, 3, 3, 3, 3, 3, 3, 3, 3, 3, 3, 3, 3, 3, 3, 3, 3, 3, 3, 3, 3, 3, 3, 3, 3, 3, 5, 3, 3, 3, 5, 3, 3, 4, 3, 3, 3, 3, 3, 3, 3, 3, 3, 3, 3, 3, 3, 3, 3, 3, 3, 3, 3, 3, 3, 3, 3, 3, 3, 3, 5, 3, 3, 3, 3, 3, 3, 3, 3, 3, 3, 3, 3, 3, 3, 3, 3, 3, 3, 3, 3, 3, 3, 3, 3, 3, 3, 3, 3, 3, 3, 3, 3, 3, 3, 3, 3, 3, 3, 3, 3, 3, 5, 3, 3, 3, 3, 3, 3, 3, 3, 3]

Max connectivity of graph with 156 nodes: 5
Connectivity all nodes: [3, 4, 3, 3, 3, 3, 3, 3, 4, 3, 3, 3, 3, 3, 3, 3, 3, 3, 3, 3, 3, 3, 3, 3, 3, 3, 3, 3, 3, 3, 3, 3, 3, 4, 3, 5, 3, 3, 3, 3, 3, 4, 3, 3, 3, 3, 3, 3, 3, 3, 3, 3, 3, 3, 3, 3, 3, 3, 3, 3, 3, 3, 3, 3, 3, 3, 4, 3, 3, 3, 5, 3, 3, 3, 5, 3, 3, 4, 3, 3, 3, 3, 3, 3, 3, 3, 3, 3, 3, 3, 3, 3, 3, 3, 3, 3, 3, 3, 3, 3, 3, 3, 3, 3, 5, 3, 3, 3, 3, 3, 3, 3, 3, 3, 3, 3, 3, 3, 3, 3, 3, 3, 3, 3, 3, 3, 3, 3, 3, 3, 3, 3, 3, 3, 3, 3, 3, 3, 3, 3, 3, 3, 3, 3, 3, 3, 5, 3, 3, 3, 3, 3, 3, 3, 3, 3]

Max connectivity of graph with 155 nodes: 5
Connectivity all nodes: [3, 4, 3, 3, 3, 3, 3, 4, 3, 3, 3, 3, 3, 3, 3, 3, 3, 3, 3, 3, 3, 3, 3, 3, 3, 3, 3, 3, 3, 3, 3, 3, 4, 3, 5, 3, 3, 3, 3, 3, 4, 3, 3, 3, 3, 3, 3, 3, 3, 3, 3, 3, 3, 3, 3, 3, 3, 3, 3, 3, 3, 3, 3, 3, 3, 4, 3, 3, 3, 5, 3, 3, 3, 5, 3, 3, 4, 3, 3, 3, 3, 3, 3, 3, 3, 3, 3, 3, 3, 3, 3, 3, 3, 3, 3, 3, 3, 3, 3, 3, 3, 4, 3, 5, 3, 3, 3, 3, 3, 3, 3, 3, 3, 3, 3, 3, 3, 3, 3, 3, 3, 3, 3, 3, 3, 3, 3, 3, 3, 3, 3, 3, 3, 3, 3, 3, 3, 3, 3, 3, 3, 3, 3, 3, 3, 5, 3, 3, 3, 3, 3, 3, 3, 3, 3]

Max connectivity of graph with 154 nodes: 8
Connectivity all nodes: [3, 4, 3, 3, 3, 3, 3, 4, 3, 3, 3, 3, 3, 3, 3, 3, 3, 3, 3, 3, 3, 3, 3, 3, 3, 3, 3, 3, 3, 3, 3, 3, 4, 3, 5, 3, 3, 3, 3, 3, 4, 3, 3, 3, 3, 3, 3, 3, 3, 3, 3, 3, 3, 3, 3, 3, 3, 3, 3, 3, 3, 3, 3, 3, 3, 4, 3, 3, 3, 5, 3, 3, 3, 5, 3, 3, 4, 3, 3, 3, 3, 3, 3, 3, 3, 3, 3, 3, 3, 3, 3, 3, 3, 3, 3, 3, 3, 3, 3, 3, 3, 4, 3, 8, 3, 3, 3, 3, 3, 3, 3, 3, 3, 3, 3, 3, 3, 3, 3, 3, 3, 3, 3, 3, 3, 3, 3, 3, 3, 3, 3, 3, 3, 3, 3, 3, 3, 3, 3, 3, 3, 3, 3, 3, 3, 3, 3, 3, 3, 3, 3, 3, 3, 3]

Max connectivity of graph with 153 nodes: 8
Connectivity all nodes: [3, 4, 3, 3, 3, 3, 4, 3, 3, 3, 3, 3, 3, 3, 3, 3, 3, 3, 3, 3, 3, 3, 3, 3, 3, 3, 3, 3, 3, 3, 3, 4, 3, 5, 3, 3, 3, 3, 3, 4, 3, 3, 3, 3, 3, 3, 3, 3, 3, 3, 3, 3, 3, 3, 3, 3, 3, 3, 3, 3, 3, 3, 3, 3, 4, 3, 3, 3, 5, 3, 3, 3, 5, 3, 3, 4, 3, 3, 3, 3, 3, 3, 3, 3, 3, 3, 3, 3, 3, 3, 3, 3, 3, 3, 3, 3, 3, 3, 3, 3, 4, 3, 8, 3, 3, 3, 3, 3, 3, 4, 3, 3, 3, 3, 3, 3, 3, 3, 3, 3, 3, 3, 3, 3, 3, 3, 3, 3, 3, 3, 3, 3, 3, 3, 3, 3, 3, 3, 3, 3, 3, 3, 3, 3, 3, 3, 3, 3, 3, 3, 3, 3, 3]

Max connectivity of graph with 152 nodes: 8
Connectivity all nodes: [3, 4, 3, 3, 3, 3, 4, 3, 3, 3, 3, 3, 3, 3, 3, 3, 3, 3, 3, 3, 3, 3, 3, 3, 3, 3, 3, 3, 3, 3, 3, 4, 3, 5, 3, 3, 3, 3, 3, 4, 3, 3, 3, 3, 3, 3, 3, 3, 3, 3, 3, 3, 3, 3, 3, 3, 3, 3, 3, 3, 3, 3, 3, 3, 4, 3, 3, 3, 5, 3, 3, 3, 5, 3, 3, 4, 3, 3, 3, 3, 3, 4, 3, 3, 3, 3, 3, 3, 3, 3, 3, 3, 3, 3, 3, 3, 3, 3, 3, 4, 3, 8, 3, 3, 3, 3, 3, 3, 4, 3, 3, 3, 3, 3, 3, 3, 3, 3, 3, 3, 3, 3, 3, 3, 3, 3, 3, 3, 3, 3, 3, 3, 3, 3, 3, 3, 3, 3, 3, 3, 3, 3, 3, 3, 3, 3, 3, 3, 3, 3, 3, 3]

Max connectivity of graph with 151 nodes: 8
Connectivity all nodes: [3, 4, 3, 3, 3, 3, 4, 3, 3, 3, 3, 3, 3, 3, 3, 3, 3, 3, 3, 3, 3, 3, 3, 3, 3, 3, 3, 3, 3, 3, 3, 4, 3, 5, 3, 3, 3, 3, 3, 4, 3, 3, 3, 3, 3, 3, 3, 3, 3, 3, 3, 3, 3, 3, 3, 3, 3, 3, 3, 3, 3, 3, 3, 4, 4, 3, 3, 5, 3, 3, 3, 5, 3, 3, 4, 3, 3, 3, 3, 3, 4, 3, 3, 3, 3, 3, 3, 3, 3, 3, 3, 3, 3, 3, 3, 3, 3, 3, 4, 3, 8, 3, 3, 3, 3, 3, 3, 4, 3, 3, 3, 3, 3, 3, 3, 3, 3, 3, 3, 3, 3, 3, 3, 3, 3, 3, 3, 3, 3, 3, 3, 3, 3, 3, 3, 3, 3, 3, 3, 3, 3, 3, 3, 3, 3, 3, 3, 3, 3, 3, 3]

Max connectivity of graph with 150 nodes: 8
Connectivity all nodes: [3, 4, 3, 3, 3, 3, 4, 3, 3, 3, 3, 3, 3, 3, 3, 3, 3, 3, 3, 3, 3, 3, 3, 3, 3, 3, 3, 3, 3, 3, 3, 4, 3, 5, 3, 3, 3, 3, 3, 4, 3, 3, 3, 3, 3, 3, 3, 3, 3, 3, 3, 3, 3, 3, 3, 3, 3, 3, 3, 3, 3, 3, 3, 4, 4, 3, 3, 5, 3, 3, 3, 5, 3, 3, 4, 3, 3, 3, 3, 3, 4, 3, 3, 3, 3, 3, 3, 3, 3, 3, 3, 3, 3, 3, 3, 3, 3, 3, 4, 3, 8, 3, 3, 3, 3, 3, 3, 4, 3, 3, 3, 3, 3, 3, 3, 3, 3, 3, 3, 3, 3, 3, 3, 3, 3, 3, 3, 3, 3, 3, 3, 3, 3, 3, 3, 3, 3, 3, 4, 3, 3, 3, 3, 3, 3, 3, 3, 3, 3, 3]

Max connectivity of graph with 149 nodes: 8
Connectivity all nodes: [3, 4, 3, 3, 3, 3, 4, 3, 3, 3, 3, 3, 3, 3, 3, 3, 3, 3, 3, 3, 3, 3, 3, 3, 3, 3, 3, 3, 3, 3, 3, 4, 3, 5, 3, 3, 3, 3, 3, 4, 3, 3, 3, 3, 3, 3, 3, 3, 3, 3, 3, 3, 3, 3, 3, 3, 3, 3, 4, 3, 3, 3, 4, 4, 3, 3, 5, 3, 3, 3, 5, 3, 3, 4, 3, 3, 3, 3, 3, 4, 3, 3, 3, 3, 3, 3, 3, 3, 3, 3, 3, 3, 3, 3, 3, 3, 3, 4, 3, 8, 3, 3, 3, 3, 3, 3, 4, 3, 3, 3, 3, 3, 3, 3, 3, 3, 3, 3, 3, 3, 3, 3, 3, 3, 3, 3, 3, 3, 3, 3, 3, 3, 3, 3, 3, 3, 3, 4, 3, 3, 3, 3, 3, 3, 3, 3, 3, 3, 3]

Max connectivity of graph with 148 nodes: 8
Connectivity all nodes: [3, 4, 3, 3, 3, 3, 4, 3, 3, 3, 3, 3, 3, 3, 3, 3, 3, 3, 3, 3, 3, 3, 3, 3, 3, 3, 3, 3, 3, 3, 3, 4, 3, 5, 3, 3, 3, 3, 4, 3, 3, 3, 3, 3, 3, 3, 3, 3, 3, 3, 3, 3, 4, 3, 3, 3, 3, 4, 3, 3, 3, 4, 4, 3, 3, 5, 3, 3, 3, 5, 3, 3, 4, 3, 3, 3, 3, 3, 4, 3, 3, 3, 3, 3, 3, 3, 3, 3, 3, 3, 3, 3, 3, 3, 3, 3, 4, 3, 8, 3, 3, 3, 3, 3, 3, 4, 3, 3, 3, 3, 3, 3, 3, 3, 3, 3, 3, 3, 3, 3, 3, 3, 3, 3, 3, 3, 3, 3, 3, 3, 3, 3, 3, 3, 3, 3, 4, 3, 3, 3, 3, 3, 3, 3, 3, 3, 3, 3]

Max connectivity of graph with 147 nodes: 8
Connectivity all nodes: [3, 4, 3, 3, 3, 3, 5, 3, 3, 3, 3, 3, 3, 3, 3, 3, 3, 3, 3, 3, 3, 3, 3, 3, 3, 3, 3, 3, 3, 3, 3, 4, 3, 5, 3, 3, 3, 3, 4, 3, 3, 3, 3, 3, 3, 3, 3, 3, 3, 3, 3, 3, 4, 3, 3, 3, 4, 3, 3, 3, 4, 4, 3, 3, 5, 3, 3, 3, 5, 3, 3, 4, 3, 3, 3, 3, 3, 4, 3, 3, 3, 3, 3, 3, 3, 3, 3, 3, 3, 3, 3, 3, 3, 3, 3, 4, 3, 8, 3, 3, 3, 3, 3, 3, 4, 3, 3, 3, 3, 3, 3, 3, 3, 3, 3, 3, 3, 3, 3, 3, 3, 3, 3, 3, 3, 3, 3, 3, 3, 3, 3, 3, 3, 3, 3, 4, 3, 3, 3, 3, 3, 3, 3, 3, 3, 3, 3]

Max connectivity of graph with 146 nodes: 7
Connectivity all nodes: [3, 4, 3, 3, 3, 3, 3, 3, 3, 3, 3, 3, 3, 3, 3, 3, 3, 3, 3, 3, 3, 3, 3, 3, 3, 3, 3, 3, 3, 3, 4, 3, 5, 3, 3, 3, 3, 4, 3, 3, 3, 3, 3, 3, 3, 3, 3, 3, 3, 3, 3, 4, 3, 3, 3, 4, 3, 3, 3, 4, 4, 3, 3, 5, 3, 3, 3, 5, 3, 3, 4, 3, 3, 3, 3, 3, 4, 3, 3, 3, 3, 3, 3, 3, 3, 3, 3, 3, 3, 3, 3, 3, 3, 3, 4, 3, 7, 3, 3, 3, 3, 3, 3, 4, 3, 3, 3, 3, 3, 3, 3, 3, 3, 3, 3, 3, 3, 3, 3, 3, 3, 3, 3, 3, 3, 3, 3, 3, 3, 3, 3, 3, 3, 3, 4, 5, 3, 3, 3, 3, 3, 3, 3, 3, 3, 3]

Max connectivity of graph with 145 nodes: 10
Connectivity all nodes: [3, 4, 3, 3, 3, 3, 3, 3, 3, 3, 3, 3, 3, 3, 3, 3, 3, 3, 3, 3, 3, 3, 3, 3, 3, 3, 3, 3, 3, 3, 4, 3, 5, 3, 3, 3, 3, 4, 3, 3, 3, 3, 3, 3, 3, 3, 3, 3, 3, 3, 3, 4, 3, 3, 3, 4, 3, 3, 3, 4, 4, 3, 3, 5, 3, 3, 3, 5, 3, 3, 4, 3, 3, 3, 3, 3, 4, 3, 3, 3, 3, 3, 3, 3, 3, 3, 3, 3, 3, 3, 3, 3, 3, 3, 4, 3, 3, 3, 3, 3, 3, 3, 4, 3, 3, 3, 3, 3, 3, 3, 3, 3, 3, 3, 3, 3, 3, 3, 3, 3, 3, 3, 3, 3, 3, 3, 3, 3, 3, 3, 3, 3, 3, 4, 10, 3, 3, 3, 3, 3, 3, 3, 3, 3, 3]

Max connectivity of graph with 144 nodes: 10
Connectivity all nodes: [3, 4, 3, 3, 3, 3, 3, 3, 3, 3, 3, 3, 3, 3, 3, 3, 3, 3, 3, 3, 3, 3, 3, 3, 3, 3, 3, 3, 3, 3, 4, 3, 5, 3, 3, 3, 3, 4, 3, 3, 3, 3, 3, 3, 3, 3, 3, 3, 3, 3, 3, 4, 3, 3, 3, 4, 3, 3, 3, 4, 4, 3, 3, 5, 3, 3, 3, 5, 3, 4, 3, 3, 3, 3, 3, 4, 3, 3, 3, 3, 3, 3, 3, 3, 3, 3, 3, 3, 3, 3, 3, 3, 3, 4, 3, 3, 3, 3, 3, 3, 3, 4, 3, 3, 3, 4, 3, 3, 3, 3, 3, 3, 3, 3, 3, 3, 3, 3, 3, 3, 3, 3, 3, 3, 3, 3, 3, 3, 3, 3, 3, 3, 4, 10, 3, 3, 3, 3, 3, 3, 3, 3, 3, 3]

Max connectivity of graph with 143 nodes: 10
Connectivity all nodes: [3, 4, 3, 3, 3, 3, 3, 3, 3, 3, 3, 3, 3, 3, 3, 3, 3, 3, 3, 3, 3, 3, 3, 3, 3, 3, 3, 3, 3, 3, 4, 3, 5, 3, 3, 3, 3, 4, 3, 3, 3, 3, 3, 3, 3, 3, 3, 3, 3, 3, 3, 4, 3, 3, 3, 4, 3, 3, 4, 4, 3, 3, 5, 3, 3, 3, 5, 3, 4, 3, 3, 3, 3, 3, 4, 3, 3, 3, 3, 3, 3, 3, 3, 3, 3, 3, 3, 3, 3, 3, 3, 3, 4, 3, 3, 3, 3, 3, 3, 3, 4, 3, 3, 3, 4, 4, 3, 3, 3, 3, 3, 3, 3, 3, 3, 3, 3, 3, 3, 3, 3, 3, 3, 3, 3, 3, 3, 3, 3, 3, 3, 4, 10, 3, 3, 3, 3, 3, 3, 3, 3, 3, 3]

Max connectivity of graph with 142 nodes: 10
Connectivity all nodes: [3, 4, 3, 3, 3, 3, 3, 3, 3, 3, 3, 3, 3, 3, 3, 3, 3, 3, 3, 3, 3, 3, 3, 3, 3, 3, 3, 3, 3, 3, 4, 3, 5, 3, 3, 3, 3, 4, 3, 3, 3, 3, 3, 3, 3, 3, 4, 3, 3, 3, 3, 4, 3, 3, 3, 4, 3, 3, 4, 4, 3, 3, 5, 3, 3, 5, 3, 4, 3, 3, 3, 3, 3, 4, 3, 3, 3, 3, 3, 3, 3, 3, 3, 3, 3, 3, 3, 3, 3, 3, 3, 4, 3, 3, 3, 3, 3, 3, 3, 4, 3, 3, 3, 4, 4, 3, 3, 3, 3, 3, 3, 3, 3, 3, 3, 3, 3, 3, 3, 3, 3, 3, 3, 3, 3, 3, 3, 3, 3, 3, 4, 10, 3, 3, 3, 3, 3, 3, 3, 3, 3, 3]

Max connectivity of graph with 141 nodes: 10
Connectivity all nodes: [3, 4, 3, 3, 3, 3, 3, 3, 3, 3, 3, 3, 3, 3, 3, 3, 3, 3, 3, 3, 3, 3, 3, 3, 3, 3, 3, 3, 3, 3, 4, 3, 5, 3, 3, 3, 3, 4, 3, 3, 3, 3, 3, 3, 3, 3, 5, 3, 3, 3, 3, 4, 3, 3, 3, 4, 3, 3, 4, 4, 3, 3, 5, 3, 3, 5, 3, 4, 3, 3, 3, 3, 3, 4, 3, 3, 3, 3, 3, 3, 3, 3, 3, 3, 3, 3, 3, 3, 3, 3, 3, 4, 3, 3, 3, 3, 3, 3, 3, 4, 3, 3, 3, 3, 3, 3, 3, 3, 3, 3, 3, 3, 3, 3, 3, 3, 3, 3, 3, 3, 3, 3, 3, 3, 3, 3, 3, 3, 3, 4, 10, 3, 3, 3, 3, 3, 3, 3, 3, 3, 3]

Max connectivity of graph with 140 nodes: 10
Connectivity all nodes: [3, 4, 3, 3, 3, 3, 3, 3, 3, 3, 3, 3, 3, 3, 3, 3, 3, 3, 3, 3, 3, 3, 3, 3, 3, 3, 3, 3, 3, 3, 4, 3, 5, 3, 3, 3, 3, 4, 3, 3, 3, 3, 3, 3, 3, 3, 3, 3, 3, 3, 4, 3, 3, 3, 4, 3, 3, 4, 4, 3, 3, 5, 3, 3, 5, 3, 4, 3, 3, 3, 3, 3, 4, 3, 3, 3, 3, 3, 3, 3, 3, 3, 3, 3, 3, 3, 3, 3, 3, 3, 4, 3, 3, 3, 3, 3, 3, 3, 4, 3, 3, 3, 6, 3, 3, 3, 3, 3, 3, 3, 3, 3, 3, 3, 3, 3, 3, 3, 3, 3, 3, 3, 3, 3, 3, 3, 3, 3, 4, 10, 3, 3, 3, 3, 3, 3, 3, 3, 3, 3]

Max connectivity of graph with 139 nodes: 10
Connectivity all nodes: [3, 4, 3, 3, 3, 3, 3, 3, 3, 3, 3, 3, 3, 3, 3, 3, 3, 3, 3, 3, 3, 3, 3, 3, 3, 3, 3, 3, 3, 3, 4, 3, 5, 3, 3, 3, 3, 4, 3, 3, 3, 3, 3, 3, 3, 3, 3, 3, 3, 3, 4, 3, 3, 3, 4, 3, 3, 4, 4, 3, 3, 5, 3, 3, 5, 3, 4, 3, 3, 3, 3, 3, 4, 3, 3, 3, 3, 3, 3, 3, 3, 3, 3, 3, 3, 3, 3, 3, 3, 3, 4, 3, 3, 3, 3, 3, 3, 3, 4, 3, 3, 3, 6, 3, 3, 3, 3, 3, 3, 3, 3, 3, 3, 3, 3, 3, 3, 3, 4, 3, 3, 3, 3, 3, 3, 3, 3, 4, 10, 3, 3, 3, 3, 3, 3, 3, 3, 3, 3]

Max connectivity of graph with 138 nodes: 10
Connectivity all nodes: [3, 4, 3, 3, 3, 3, 3, 3, 3, 3, 3, 3, 3, 3, 3, 3, 3, 3, 3, 3, 3, 3, 3, 3, 3, 3, 3, 3, 3, 3, 4, 3, 5, 3, 3, 3, 3, 4, 3, 3, 3, 3, 3, 3, 3, 3, 3, 3, 3, 3, 4, 3, 3, 3, 4, 3, 3, 4, 4, 3, 3, 5, 3, 3, 5, 3, 4, 3, 3, 3, 3, 3, 4, 3, 3, 3, 3, 3, 3, 3, 3, 3, 3, 3, 3, 3, 3, 3, 3, 4, 4, 3, 3, 3, 3, 3, 3, 3, 4, 3, 3, 3, 6, 3, 3, 3, 3, 3, 3, 3, 3, 3, 3, 3, 3, 3, 3, 3, 4, 3, 3, 3, 3, 3, 3, 3, 4, 10, 3, 3, 3, 3, 3, 3, 3, 3, 3, 3]

Max connectivity of graph with 137 nodes: 10
Connectivity all nodes: [3, 4, 3, 3, 3, 3, 3, 3, 3, 3, 3, 3, 3, 3, 3, 3, 3, 3, 3, 3, 3, 3, 3, 3, 3, 3, 3, 3, 3, 3, 4, 3, 5, 3, 3, 3, 3, 4, 3, 3, 3, 3, 3, 3, 3, 3, 3, 3, 3, 3, 4, 3, 3, 3, 4, 3, 3, 4, 4, 3, 3, 5, 3, 3, 5, 3, 4, 3, 3, 3, 3, 3, 4, 3, 3, 3, 3, 3, 3, 3, 3, 3, 3, 3, 3, 3, 3, 3, 3, 5, 4, 3, 3, 3, 3, 3, 3, 3, 4, 3, 3, 3, 6, 3, 3, 3, 3, 3, 3, 3, 3, 3, 3, 3, 3, 3, 3, 4, 3, 3, 3, 3, 3, 3, 3, 4, 10, 3, 3, 3, 3, 3, 3, 3, 3, 3, 3]

Max connectivity of graph with 136 nodes: 10
Connectivity all nodes: [3, 4, 3, 3, 3, 3, 3, 3, 3, 3, 3, 3, 3, 3, 3, 3, 3, 3, 3, 3, 3, 3, 3, 3, 3, 3, 3, 3, 3, 3, 4, 3, 5, 3, 3, 3, 3, 4, 3, 3, 3, 3, 3, 3, 3, 3, 3, 3, 3, 3, 4, 3, 3, 3, 4, 3, 3, 4, 4, 3, 3, 5, 3, 3, 5, 3, 4, 3, 3, 3, 3, 3, 4, 3, 3, 3, 3, 3, 3, 3, 3, 3, 3, 3, 3, 3, 3, 3, 3, 4, 4, 3, 3, 3, 3, 3, 3, 3, 4, 3, 3, 3, 6, 3, 3, 3, 3, 3, 3, 3, 3, 3, 3, 3, 3, 3, 4, 3, 3, 3, 3, 3, 3, 3, 4, 10, 3, 3, 3, 3, 3, 3, 3, 3, 3, 3]

Max connectivity of graph with 135 nodes: 10
Connectivity all nodes: [3, 4, 3, 3, 3, 3, 3, 3, 3, 3, 3, 3, 3, 3, 3, 3, 3, 3, 3, 3, 3, 3, 3, 3, 3, 3, 3, 3, 3, 3, 4, 3, 5, 3, 3, 3, 3, 4, 3, 3, 3, 3, 3, 3, 3, 3, 3, 3, 3, 3, 4, 3, 3, 3, 4, 3, 3, 4, 4, 3, 3, 5, 3, 3, 5, 3, 4, 3, 3, 3, 3, 3, 4, 3, 3, 3, 3, 3, 3, 3, 3, 3, 3, 3, 3, 3, 3, 3, 3, 6, 4, 3, 3, 3, 3, 3, 3, 3, 4, 3, 3, 3, 6, 3, 3, 3, 3, 3, 3, 3, 3, 3, 3, 3, 3, 3, 3, 3, 3, 3, 3, 3, 3, 4, 10, 3, 3, 3, 3, 3, 3, 3, 3, 3, 3]

Max connectivity of graph with 134 nodes: 10
Connectivity all nodes: [3, 4, 3, 3, 3, 3, 3, 3, 3, 3, 3, 3, 3, 3, 3, 3, 3, 3, 3, 3, 3, 3, 3, 3, 3, 3, 3, 3, 3, 3, 4, 3, 5, 3, 3, 3, 3, 4, 3, 3, 3, 3, 3, 4, 3, 3, 3, 3, 3, 3, 4, 3, 3, 3, 4, 3, 3, 4, 4, 3, 3, 5, 3, 3, 5, 3, 4, 3, 3, 3, 3, 3, 4, 3, 3, 3, 3, 3, 3, 3, 3, 3, 3, 3, 3, 3, 3, 3, 3, 6, 4, 3, 3, 3, 3, 3, 3, 3, 4, 3, 3, 3, 6, 3, 3, 3, 3, 3, 3, 3, 3, 3, 3, 3, 3, 3, 3, 3, 3, 3, 3, 3, 4, 10, 3, 3, 3, 3, 3, 3, 3, 3, 3, 3]

Max connectivity of graph with 133 nodes: 10
Connectivity all nodes: [3, 4, 3, 3, 3, 3, 4, 3, 3, 3, 3, 3, 3, 3, 3, 3, 3, 3, 3, 3, 3, 3, 3, 3, 3, 3, 3, 3, 3, 3, 4, 3, 5, 3, 3, 3, 3, 4, 3, 3, 3, 3, 4, 3, 3, 3, 3, 3, 3, 4, 3, 3, 3, 4, 3, 3, 4, 4, 3, 3, 5, 3, 3, 5, 3, 4, 3, 3, 3, 3, 3, 4, 3, 3, 3, 3, 3, 3, 3, 3, 3, 3, 3, 3, 3, 3, 3, 3, 6, 4, 3, 3, 3, 3, 3, 3, 3, 4, 3, 3, 3, 6, 3, 3, 3, 3, 3, 3, 3, 3, 3, 3, 3, 3, 3, 3, 3, 3, 3, 3, 3, 4, 10, 3, 3, 3, 3, 3, 3, 3, 3, 3, 3]

Max connectivity of graph with 132 nodes: 10
Connectivity all nodes: [3, 4, 3, 3, 3, 3, 4, 3, 3, 3, 3, 3, 3, 3, 3, 3, 3, 3, 3, 3, 3, 3, 3, 3, 3, 3, 3, 3, 3, 3, 4, 3, 5, 3, 3, 3, 3, 4, 3, 3, 3, 3, 4, 3, 3, 3, 3, 3, 3, 4, 3, 3, 3, 4, 3, 3, 4, 5, 3, 3, 5, 3, 3, 5, 3, 4, 3, 3, 3, 3, 3, 4, 3, 3, 3, 3, 3, 3, 3, 3, 3, 3, 3, 3, 3, 3, 3, 3, 6, 4, 3, 3, 3, 3, 3, 3, 3, 4, 3, 3, 3, 6, 3, 3, 3, 3, 3, 3, 3, 3, 3, 3, 3, 3, 3, 3, 3, 3, 3, 3, 4, 10, 3, 3, 3, 3, 3, 3, 3, 3, 3, 3]

Max connectivity of graph with 131 nodes: 10
Connectivity all nodes: [3, 4, 3, 3, 3, 3, 5, 3, 3, 3, 3, 3, 3, 3, 3, 3, 3, 3, 3, 3, 3, 3, 3, 3, 3, 3, 3, 3, 3, 3, 4, 3, 5, 3, 3, 3, 3, 4, 3, 3, 3, 3, 3, 3, 3, 3, 3, 3, 4, 3, 3, 3, 4, 3, 3, 4, 4, 3, 3, 5, 3, 3, 5, 3, 4, 3, 3, 3, 3, 3, 4, 3, 3, 3, 3, 3, 3, 3, 3, 3, 3, 3, 3, 3, 3, 3, 3, 6, 4, 3, 3, 3, 3, 3, 3, 3, 4, 3, 3, 3, 6, 3, 3, 3, 3, 3, 3, 3, 3, 3, 3, 3, 3, 3, 3, 3, 3, 3, 3, 4, 10, 3, 3, 3, 3, 3, 3, 3, 3, 3, 3]

Max connectivity of graph with 130 nodes: 10
Connectivity all nodes: [3, 4, 3, 3, 3, 3, 7, 3, 3, 3, 3, 3, 3, 3, 3, 3, 3, 3, 3, 3, 3, 3, 3, 3, 3, 3, 3, 3, 3, 3, 4, 3, 5, 3, 3, 3, 3, 4, 3, 3, 3, 3, 3, 3, 3, 3, 3, 3, 4, 3, 3, 3, 4, 3, 3, 4, 3, 3, 5, 3, 3, 5, 3, 4, 3, 3, 3, 3, 3, 4, 3, 3, 3, 3, 3, 3, 3, 3, 3, 3, 3, 3, 3, 3, 3, 3, 6, 4, 3, 3, 3, 3, 3, 3, 3, 4, 3, 3, 3, 6, 3, 3, 3, 3, 3, 3, 3, 3, 3, 3, 3, 3, 3, 3, 3, 3, 3, 3, 4, 10, 3, 3, 3, 3, 3, 3, 3, 3, 3, 3]

Max connectivity of graph with 129 nodes: 10
Connectivity all nodes: [3, 4, 3, 3, 3, 3, 7, 3, 3, 3, 3, 3, 3, 3, 3, 3, 3, 3, 3, 4, 3, 3, 3, 3, 3, 3, 3, 3, 3, 4, 3, 5, 3, 3, 3, 3, 4, 3, 3, 3, 3, 3, 3, 3, 3, 3, 3, 4, 3, 3, 3, 4, 3, 3, 4, 3, 3, 5, 3, 3, 5, 3, 4, 3, 3, 3, 3, 3, 4, 3, 3, 3, 3, 3, 3, 3, 3, 3, 3, 3, 3, 3, 3, 3, 3, 6, 4, 3, 3, 3, 3, 3, 3, 3, 4, 3, 3, 3, 6, 3, 3, 3, 3, 3, 3, 3, 3, 3, 3, 3, 3, 3, 3, 3, 3, 3, 3, 4, 10, 3, 3, 3, 3, 3, 3, 3, 3, 3, 3]

Max connectivity of graph with 128 nodes: 10
Connectivity all nodes: [3, 4, 3, 3, 3, 3, 7, 3, 3, 3, 3, 3, 3, 3, 3, 3, 3, 3, 3, 4, 3, 3, 3, 3, 3, 3, 3, 3, 3, 4, 3, 5, 3, 3, 3, 3, 4, 3, 3, 3, 3, 3, 3, 3, 3, 3, 3, 4, 3, 3, 3, 4, 3, 3, 4, 3, 3, 5, 3, 3, 5, 3, 4, 3, 3, 3, 3, 3, 4, 3, 3, 3, 3, 3, 3, 3, 3, 3, 3, 3, 3, 3, 4, 3, 3, 6, 4, 3, 3, 3, 3, 3, 3, 3, 4, 3, 3, 3, 6, 3, 3, 3, 3, 3, 3, 3, 3, 3, 3, 3, 3, 3, 3, 3, 3, 3, 4, 10, 3, 3, 3, 3, 3, 3, 3, 3, 3, 3]

Max connectivity of graph with 127 nodes: 10
Connectivity all nodes: [3, 4, 3, 3, 3, 3, 7, 3, 3, 3, 3, 3, 3, 3, 3, 3, 3, 3, 3, 4, 3, 3, 3, 3, 3, 3, 3, 3, 3, 4, 3, 5, 3, 3, 3, 3, 4, 3, 3, 3, 3, 3, 3, 3, 4, 3, 4, 3, 3, 3, 4, 3, 3, 4, 3, 3, 5, 3, 3, 5, 3, 4, 3, 3, 3, 3, 3, 4, 3, 3, 3, 3, 3, 3, 3, 3, 3, 3, 3, 3, 3, 4, 3, 3, 6, 4, 3, 3, 3, 3, 3, 3, 3, 4, 3, 3, 3, 6, 3, 3, 3, 3, 3, 3, 3, 3, 3, 3, 3, 3, 3, 3, 3, 3, 3, 4, 10, 3, 3, 3, 3, 3, 3, 3, 3, 3, 3]

Max connectivity of graph with 126 nodes: 10
Connectivity all nodes: [3, 4, 3, 3, 3, 3, 7, 3, 3, 3, 3, 3, 3, 3, 3, 3, 3, 3, 3, 4, 3, 3, 3, 3, 3, 3, 3, 3, 3, 4, 3, 5, 3, 3, 3, 5, 3, 3, 3, 3, 3, 3, 3, 4, 3, 4, 3, 3, 3, 4, 3, 3, 4, 3, 3, 5, 3, 3, 5, 3, 4, 3, 3, 3, 3, 3, 4, 3, 3, 3, 3, 3, 3, 3, 3, 3, 3, 3, 3, 3, 4, 3, 3, 6, 4, 3, 3, 3, 3, 3, 3, 3, 4, 3, 3, 3, 6, 3, 3, 3, 3, 3, 3, 3, 3, 3, 3, 3, 3, 3, 3, 3, 3, 3, 4, 10, 3, 3, 3, 3, 3, 3, 3, 3, 3, 3]

Max connectivity of graph with 125 nodes: 10
Connectivity all nodes: [3, 4, 3, 3, 3, 3, 7, 3, 3, 3, 3, 3, 3, 3, 3, 3, 3, 3, 3, 4, 3, 3, 3, 3, 3, 3, 3, 3, 4, 3, 5, 3, 3, 3, 5, 3, 3, 3, 3, 3, 3, 3, 4, 3, 4, 3, 3, 3, 4, 3, 3, 4, 3, 3, 5, 3, 3, 5, 3, 4, 3, 3, 3, 3, 3, 4, 3, 3, 3, 3, 4, 3, 3, 3, 3, 3, 3, 3, 3, 4, 3, 3, 6, 4, 3, 3, 3, 3, 3, 3, 3, 4, 3, 3, 3, 6, 3, 3, 3, 3, 3, 3, 3, 3, 3, 3, 3, 3, 3, 3, 3, 3, 3, 4, 10, 3, 3, 3, 3, 3, 3, 3, 3, 3, 3]

Max connectivity of graph with 124 nodes: 10
Connectivity all nodes: [3, 4, 3, 3, 3, 3, 7, 3, 3, 3, 3, 3, 3, 3, 3, 3, 3, 3, 3, 4, 3, 3, 3, 3, 3, 3, 3, 3, 4, 3, 5, 3, 3, 3, 5, 3, 3, 3, 3, 3, 3, 3, 4, 3, 4, 3, 3, 3, 4, 3, 3, 4, 3, 3, 5, 3, 3, 5, 3, 4, 3, 3, 3, 3, 3, 4, 3, 3, 3, 4, 4, 3, 3, 3, 3, 3, 3, 3, 4, 3, 3, 6, 4, 3, 3, 3, 3, 3, 3, 3, 4, 3, 3, 3, 6, 3, 3, 3, 3, 3, 3, 3, 3, 3, 3, 3, 3, 3, 3, 3, 3, 3, 4, 10, 3, 3, 3, 3, 3, 3, 3, 3, 3, 3]

Max connectivity of graph with 123 nodes: 10
Connectivity all nodes: [3, 4, 3, 3, 3, 3, 7, 3, 3, 3, 3, 3, 3, 3, 3, 3, 3, 3, 3, 4, 3, 3, 3, 3, 3, 3, 3, 3, 4, 3, 5, 3, 3, 3, 5, 3, 3, 3, 3, 3, 3, 3, 4, 3, 4, 3, 3, 3, 4, 3, 3, 4, 3, 3, 5, 3, 3, 5, 3, 4, 3, 3, 3, 3, 3, 4, 3, 3, 3, 4, 4, 3, 3, 3, 3, 3, 3, 3, 4, 3, 3, 6, 4, 3, 3, 3, 3, 3, 3, 3, 4, 4, 3, 3, 6, 3, 3, 3, 3, 3, 3, 3, 3, 3, 3, 3, 3, 3, 3, 3, 3, 4, 10, 3, 3, 3, 3, 3, 3, 3, 3, 3, 3]

Max connectivity of graph with 122 nodes: 10
Connectivity all nodes: [3, 4, 3, 3, 3, 3, 7, 3, 3, 3, 3, 3, 3, 3, 3, 3, 3, 3, 3, 4, 3, 3, 3, 3, 3, 3, 3, 3, 4, 3, 5, 3, 3, 3, 5, 3, 3, 3, 3, 3, 3, 3, 4, 3, 4, 3, 3, 3, 4, 3, 3, 4, 3, 3, 5, 3, 3, 5, 3, 4, 3, 3, 3, 3, 3, 4, 3, 3, 3, 4, 4, 3, 3, 3, 3, 3, 3, 3, 4, 3, 6, 4, 3, 3, 3, 4, 3, 3, 3, 4, 4, 3, 3, 6, 3, 3, 3, 3, 3, 3, 3, 3, 3, 3, 3, 3, 3, 3, 3, 3, 4, 10, 3, 3, 3, 3, 3, 3, 3, 3, 3, 3]

Max connectivity of graph with 121 nodes: 10
Connectivity all nodes: [3, 4, 3, 3, 3, 3, 7, 3, 3, 3, 3, 3, 3, 3, 3, 3, 3, 3, 3, 4, 3, 3, 3, 3, 3, 3, 3, 3, 4, 3, 5, 3, 3, 3, 5, 3, 3, 3, 3, 3, 3, 3, 4, 3, 4, 3, 3, 3, 4, 3, 3, 4, 3, 3, 5, 3, 3, 5, 3, 4, 3, 3, 3, 3, 3, 4, 3, 3, 3, 4, 4, 3, 3, 3, 3, 3, 3, 3, 4, 3, 6, 4, 3, 3, 3, 4, 3, 3, 3, 4, 4, 3, 6, 3, 3, 3, 3, 3, 3, 3, 3, 3, 3, 3, 3, 3, 3, 3, 3, 4, 10, 3, 3, 3, 4, 3, 3, 3, 3, 3, 3]

Max connectivity of graph with 120 nodes: 10
Connectivity all nodes: [3, 4, 3, 3, 3, 3, 7, 3, 4, 3, 3, 3, 3, 3, 3, 3, 3, 3, 4, 3, 3, 3, 3, 3, 3, 3, 3, 4, 3, 5, 3, 3, 3, 5, 3, 3, 3, 3, 3, 3, 3, 4, 3, 4, 3, 3, 3, 4, 3, 3, 4, 3, 3, 5, 3, 3, 5, 3, 4, 3, 3, 3, 3, 3, 4, 3, 3, 3, 4, 4, 3, 3, 3, 3, 3, 3, 3, 4, 3, 6, 4, 3, 3, 3, 4, 3, 3, 3, 4, 4, 3, 6, 3, 3, 3, 3, 3, 3, 3, 3, 3, 3, 3, 3, 3, 3, 3, 3, 4, 10, 3, 3, 3, 4, 3, 3, 3, 3, 3, 3]

Max connectivity of graph with 119 nodes: 10
Connectivity all nodes: [3, 4, 3, 3, 3, 3, 7, 3, 4, 3, 3, 3, 3, 3, 3, 3, 3, 3, 4, 3, 3, 3, 3, 3, 3, 3, 3, 4, 3, 5, 3, 3, 3, 5, 3, 3, 3, 3, 3, 3, 3, 4, 3, 4, 3, 3, 3, 4, 3, 3, 4, 3, 3, 5, 3, 3, 5, 3, 4, 3, 3, 3, 3, 3, 4, 3, 3, 3, 4, 4, 3, 3, 3, 3, 3, 3, 4, 3, 6, 4, 3, 3, 3, 4, 3, 3, 3, 4, 4, 3, 6, 3, 3, 3, 3, 3, 3, 3, 3, 3, 3, 3, 3, 3, 3, 3, 3, 4, 10, 3, 3, 3, 4, 3, 3, 3, 3, 4, 3]

Max connectivity of graph with 118 nodes: 10
Connectivity all nodes: [3, 4, 3, 3, 3, 3, 7, 3, 4, 3, 3, 3, 3, 3, 3, 3, 3, 3, 4, 3, 3, 3, 3, 3, 3, 3, 3, 4, 3, 5, 3, 3, 3, 5, 3, 3, 3, 3, 3, 3, 3, 4, 3, 4, 3, 3, 3, 4, 3, 3, 4, 3, 3, 5, 3, 3, 5, 3, 4, 3, 3, 3, 3, 3, 4, 3, 3, 3, 4, 4, 3, 3, 3, 3, 3, 3, 4, 3, 6, 4, 3, 3, 3, 4, 3, 3, 4, 4, 3, 6, 3, 3, 4, 3, 3, 3, 3, 3, 3, 3, 3, 3, 3, 3, 3, 3, 4, 10, 3, 3, 3, 4, 3, 3, 3, 3, 4, 3]

Max connectivity of graph with 117 nodes: 10
Connectivity all nodes: [3, 4, 3, 3, 3, 3, 7, 3, 4, 3, 3, 3, 3, 3, 3, 3, 3, 3, 4, 3, 3, 3, 3, 3, 3, 3, 3, 4, 3, 5, 3, 3, 3, 5, 3, 3, 3, 3, 3, 3, 3, 4, 3, 4, 3, 3, 3, 4, 3, 3, 4, 3, 3, 5, 3, 3, 5, 3, 4, 3, 3, 3, 3, 3, 4, 3, 3, 3, 4, 4, 3, 3, 3, 3, 3, 3, 4, 3, 6, 4, 3, 3, 3, 4, 3, 3, 4, 4, 3, 6, 3, 3, 4, 3, 3, 3, 3, 3, 3, 3, 3, 3, 3, 3, 3, 4, 10, 3, 3, 3, 4, 3, 3, 3, 3, 4, 4]

Max connectivity of graph with 116 nodes: 10
Connectivity all nodes: [3, 4, 3, 3, 3, 3, 7, 3, 4, 3, 3, 3, 3, 3, 3, 3, 3, 3, 4, 3, 3, 3, 4, 3, 3, 3, 4, 3, 5, 3, 3, 3, 5, 3, 3, 3, 3, 3, 3, 3, 4, 3, 4, 3, 3, 3, 4, 3, 3, 4, 3, 3, 5, 3, 3, 5, 3, 4, 3, 3, 3, 3, 3, 4, 3, 3, 3, 4, 4, 3, 3, 3, 3, 3, 3, 4, 3, 6, 4, 3, 3, 3, 4, 3, 3, 4, 4, 3, 6, 3, 3, 4, 3, 3, 3, 3, 3, 3, 3, 3, 3, 3, 3, 3, 4, 10, 3, 3, 3, 4, 3, 3, 3, 3, 4, 4]

Max connectivity of graph with 115 nodes: 10
Connectivity all nodes: [3, 4, 3, 3, 3, 3, 7, 3, 4, 3, 3, 3, 3, 3, 3, 3, 3, 4, 3, 3, 3, 4, 3, 3, 3, 4, 3, 5, 3, 3, 3, 5, 3, 3, 3, 3, 3, 3, 3, 4, 3, 4, 3, 3, 3, 4, 3, 3, 4, 3, 3, 5, 3, 3, 5, 3, 4, 3, 3, 3, 3, 3, 4, 3, 3, 3, 4, 4, 3, 3, 3, 3, 3, 3, 4, 3, 6, 4, 3, 3, 3, 4, 3, 3, 4, 4, 3, 6, 3, 3, 4, 3, 3, 3, 3, 4, 3, 3, 3, 3, 3, 3, 3, 4, 10, 3, 3, 3, 4, 3, 3, 3, 3, 4, 4]

Max connectivity of graph with 114 nodes: 10
Connectivity all nodes: [3, 4, 3, 3, 3, 3, 7, 3, 4, 3, 3, 3, 3, 4, 3, 3, 4, 3, 3, 3, 4, 3, 3, 3, 4, 3, 5, 3, 3, 3, 5, 3, 3, 3, 3, 3, 3, 3, 4, 3, 4, 3, 3, 3, 4, 3, 3, 4, 3, 3, 5, 3, 3, 5, 3, 4, 3, 3, 3, 3, 3, 4, 3, 3, 3, 4, 4, 3, 3, 3, 3, 3, 3, 4, 3, 6, 4, 3, 3, 3, 4, 3, 3, 4, 4, 3, 6, 3, 3, 4, 3, 3, 3, 3, 4, 3, 3, 3, 3, 3, 3, 3, 4, 10, 3, 3, 3, 4, 3, 3, 3, 3, 4, 4]

Max connectivity of graph with 113 nodes: 10
Connectivity all nodes: [3, 4, 3, 3, 3, 3, 7, 3, 4, 3, 3, 3, 3, 4, 3, 3, 4, 3, 3, 3, 4, 3, 3, 3, 4, 3, 5, 3, 3, 3, 5, 3, 3, 3, 3, 3, 3, 3, 4, 3, 4, 3, 3, 3, 4, 3, 3, 4, 3, 3, 5, 3, 3, 5, 3, 4, 3, 3, 3, 3, 3, 4, 3, 3, 3, 4, 4, 4, 3, 3, 3, 3, 4, 3, 6, 4, 3, 3, 3, 4, 3, 3, 4, 4, 3, 6, 3, 3, 4, 3, 3, 3, 3, 4, 3, 3, 3, 3, 3, 3, 3, 4, 10, 3, 3, 3, 4, 3, 3, 3, 3, 4, 4]

Max connectivity of graph with 112 nodes: 10
Connectivity all nodes: [3, 4, 3, 3, 3, 3, 7, 3, 4, 3, 3, 3, 3, 4, 3, 3, 4, 3, 3, 3, 4, 3, 3, 3, 4, 3, 5, 3, 3, 3, 5, 3, 3, 3, 3, 3, 3, 3, 4, 3, 4, 3, 3, 3, 4, 3, 3, 4, 3, 3, 5, 3, 3, 5, 3, 4, 3, 3, 3, 3, 3, 4, 3, 3, 3, 4, 4, 4, 3, 4, 3, 4, 3, 6, 4, 3, 3, 3, 4, 3, 3, 4, 4, 3, 6, 3, 3, 4, 3, 3, 3, 3, 4, 3, 3, 3, 3, 3, 3, 3, 4, 10, 3, 3, 3, 4, 3, 3, 3, 3, 4, 4]

Max connectivity of graph with 111 nodes: 10
Connectivity all nodes: [3, 4, 3, 3, 3, 7, 3, 4, 3, 3, 4, 3, 4, 3, 3, 4, 3, 3, 3, 4, 3, 3, 3, 4, 3, 5, 3, 3, 3, 5, 3, 3, 3, 3, 3, 3, 3, 4, 3, 4, 3, 3, 3, 4, 3, 3, 4, 3, 3, 5, 3, 3, 5, 3, 4, 3, 3, 3, 3, 3, 4, 3, 3, 3, 4, 4, 4, 3, 4, 3, 4, 3, 6, 4, 3, 3, 3, 4, 3, 3, 4, 4, 3, 6, 3, 3, 4, 3, 3, 3, 3, 4, 3, 3, 3, 3, 3, 3, 3, 4, 10, 3, 3, 3, 4, 3, 3, 3, 3, 4, 4]

Max connectivity of graph with 110 nodes: 10
Connectivity all nodes: [3, 4, 3, 3, 3, 7, 3, 4, 3, 3, 4, 3, 4, 3, 3, 4, 3, 3, 3, 4, 3, 3, 3, 4, 3, 5, 3, 3, 3, 5, 3, 3, 3, 3, 3, 3, 3, 4, 3, 4, 3, 3, 3, 4, 3, 3, 4, 3, 3, 5, 3, 3, 5, 3, 4, 3, 3, 4, 3, 3, 4, 3, 3, 3, 4, 4, 4, 3, 4, 3, 4, 3, 6, 4, 3, 3, 3, 4, 3, 3, 4, 4, 3, 6, 3, 3, 4, 3, 3, 3, 4, 3, 3, 3, 3, 3, 3, 3, 4, 10, 3, 3, 3, 4, 3, 3, 3, 3, 4, 4]

Max connectivity of graph with 109 nodes: 10
Connectivity all nodes: [3, 4, 3, 3, 3, 7, 3, 4, 3, 3, 4, 3, 4, 3, 3, 4, 3, 3, 3, 4, 3, 3, 3, 4, 3, 5, 3, 3, 3, 5, 3, 3, 3, 3, 3, 3, 3, 4, 3, 4, 3, 3, 3, 4, 3, 3, 4, 3, 3, 5, 3, 3, 5, 3, 4, 3, 3, 4, 3, 3, 4, 3, 3, 3, 4, 4, 4, 3, 4, 3, 4, 3, 6, 4, 3, 3, 3, 4, 3, 3, 4, 4, 3, 6, 3, 3, 4, 3, 3, 3, 4, 3, 3, 4, 3, 3, 3, 4, 10, 3, 3, 3, 4, 3, 3, 3, 3, 4, 4]

Max connectivity of graph with 108 nodes: 10
Connectivity all nodes: [3, 4, 3, 3, 3, 7, 3, 4, 3, 3, 4, 3, 4, 3, 3, 4, 3, 3, 3, 4, 3, 3, 3, 4, 3, 5, 3, 3, 3, 5, 3, 3, 3, 3, 3, 3, 3, 4, 3, 4, 3, 3, 3, 4, 3, 3, 3, 3, 5, 3, 3, 5, 3, 4, 3, 3, 4, 3, 3, 4, 3, 3, 3, 4, 4, 4, 3, 4, 3, 4, 3, 6, 4, 3, 3, 3, 4, 3, 3, 4, 4, 3, 6, 3, 3, 4, 3, 3, 3, 4, 3, 3, 4, 3, 3, 3, 4, 10, 3, 5, 3, 4, 3, 3, 3, 3, 4, 4]

Max connectivity of graph with 107 nodes: 10
Connectivity all nodes: [3, 4, 3, 3, 3, 7, 3, 4, 3, 3, 4, 3, 4, 3, 3, 3, 5, 3, 4, 3, 3, 3, 4, 3, 5, 3, 3, 3, 5, 3, 3, 3, 3, 3, 3, 3, 4, 3, 4, 3, 3, 3, 4, 3, 3, 3, 3, 5, 3, 3, 5, 3, 4, 3, 3, 4, 3, 3, 4, 3, 3, 3, 4, 4, 4, 3, 4, 3, 4, 3, 6, 4, 3, 3, 3, 4, 3, 3, 4, 4, 3, 6, 3, 3, 4, 3, 3, 3, 4, 3, 3, 4, 3, 3, 3, 4, 10, 3, 5, 3, 4, 3, 3, 3, 3, 4, 4]

Max connectivity of graph with 106 nodes: 10
Connectivity all nodes: [3, 4, 3, 3, 3, 7, 3, 4, 3, 3, 4, 3, 4, 3, 3, 3, 5, 3, 4, 3, 3, 3, 4, 3, 5, 4, 3, 3, 5, 3, 3, 3, 3, 3, 3, 3, 4, 3, 4, 3, 3, 3, 4, 3, 3, 3, 3, 5, 3, 3, 5, 3, 4, 3, 3, 4, 3, 4, 3, 3, 3, 4, 4, 4, 3, 4, 3, 4, 3, 6, 4, 3, 3, 3, 4, 3, 3, 4, 4, 3, 6, 3, 3, 4, 3, 3, 3, 4, 3, 3, 4, 3, 3, 3, 4, 10, 3, 5, 3, 4, 3, 3, 3, 3, 4, 4]

Max connectivity of graph with 105 nodes: 10
Connectivity all nodes: [3, 4, 3, 3, 3, 7, 3, 4, 3, 3, 4, 3, 4, 3, 3, 5, 3, 4, 3, 3, 3, 4, 3, 5, 4, 3, 3, 5, 3, 3, 3, 3, 3, 3, 3, 4, 3, 4, 3, 3, 3, 4, 3, 3, 3, 3, 5, 3, 3, 5, 3, 4, 3, 3, 4, 3, 4, 3, 3, 3, 4, 4, 4, 3, 4, 3, 4, 3, 6, 4, 3, 3, 3, 4, 3, 3, 4, 4, 4, 6, 3, 3, 4, 3, 3, 3, 4, 3, 3, 4, 3, 3, 3, 4, 10, 3, 5, 3, 4, 3, 3, 3, 3, 4, 4]

Max connectivity of graph with 104 nodes: 10
Connectivity all nodes: [3, 4, 3, 3, 3, 7, 3, 4, 3, 3, 4, 3, 4, 3, 3, 5, 3, 4, 3, 3, 3, 4, 3, 6, 4, 3, 5, 3, 3, 3, 3, 3, 3, 3, 4, 3, 4, 3, 3, 3, 4, 3, 3, 3, 3, 5, 3, 3, 5, 3, 4, 3, 3, 4, 3, 4, 3, 3, 3, 4, 4, 4, 3, 4, 3, 4, 3, 6, 4, 3, 3, 3, 4, 3, 3, 4, 4, 4, 6, 3, 3, 4, 3, 3, 3, 4, 3, 3, 4, 3, 3, 3, 4, 10, 3, 5, 3, 4, 3, 3, 3, 3, 4, 4]

Max connectivity of graph with 103 nodes: 10
Connectivity all nodes: [3, 4, 3, 3, 3, 7, 3, 4, 3, 3, 4, 3, 4, 3, 3, 5, 3, 4, 3, 3, 4, 3, 5, 4, 3, 5, 3, 3, 3, 3, 3, 3, 3, 4, 3, 4, 3, 3, 3, 4, 3, 3, 3, 3, 5, 3, 3, 5, 3, 4, 3, 3, 4, 3, 4, 3, 3, 3, 4, 4, 4, 3, 4, 3, 4, 3, 6, 4, 3, 3, 3, 4, 3, 3, 4, 4, 4, 6, 3, 3, 4, 3, 3, 3, 4, 3, 3, 4, 3, 3, 3, 4, 10, 3, 5, 3, 4, 3, 3, 3, 3, 4, 4]

Max connectivity of graph with 102 nodes: 10
Connectivity all nodes: [3, 4, 3, 3, 3, 7, 3, 4, 3, 3, 4, 3, 4, 3, 3, 5, 4, 3, 3, 4, 3, 4, 4, 3, 5, 3, 3, 3, 3, 3, 3, 3, 4, 3, 4, 3, 3, 3, 4, 3, 3, 3, 3, 5, 3, 3, 5, 3, 4, 3, 3, 4, 3, 4, 3, 3, 3, 4, 4, 4, 3, 4, 3, 4, 3, 6, 4, 3, 3, 3, 4, 3, 3, 4, 4, 4, 6, 3, 3, 4, 3, 3, 3, 4, 3, 3, 4, 3, 3, 3, 4, 10, 3, 5, 3, 4, 3, 3, 3, 3, 4, 4]

Max connectivity of graph with 101 nodes: 10
Connectivity all nodes: [3, 4, 3, 3, 3, 7, 3, 4, 3, 3, 4, 3, 4, 3, 3, 5, 4, 3, 3, 4, 3, 4, 4, 3, 5, 3, 3, 3, 3, 3, 3, 3, 4, 3, 4, 3, 3, 3, 4, 4, 3, 3, 5, 3, 3, 5, 3, 4, 3, 3, 4, 3, 4, 3, 3, 3, 4, 4, 4, 3, 4, 3, 4, 3, 6, 4, 3, 3, 3, 4, 3, 3, 4, 4, 4, 6, 3, 3, 4, 3, 3, 3, 4, 3, 3, 4, 3, 3, 3, 4, 10, 3, 5, 3, 4, 3, 3, 3, 3, 4, 4]

Max connectivity of graph with 100 nodes: 10
Connectivity all nodes: [3, 4, 3, 3, 3, 7, 3, 4, 3, 3, 4, 3, 4, 3, 3, 5, 4, 3, 3, 4, 3, 4, 4, 3, 5, 3, 3, 3, 3, 3, 3, 3, 4, 3, 4, 3, 3, 3, 4, 4, 3, 5, 3, 4, 5, 3, 4, 3, 3, 4, 3, 4, 3, 3, 3, 4, 4, 4, 3, 4, 3, 4, 3, 6, 4, 3, 3, 3, 4, 3, 3, 4, 4, 4, 6, 3, 3, 4, 3, 3, 3, 4, 3, 3, 4, 3, 3, 3, 4, 10, 3, 5, 3, 4, 3, 3, 3, 3, 4, 4]

Max connectivity of graph with 99 nodes: 10
Connectivity all nodes: [3, 4, 3, 3, 3, 7, 3, 4, 3, 3, 4, 3, 4, 3, 3, 5, 4, 4, 4, 3, 4, 4, 3, 5, 3, 3, 3, 3, 3, 3, 3, 4, 3, 4, 3, 3, 3, 4, 4, 3, 5, 3, 4, 5, 3, 4, 3, 3, 4, 3, 4, 3, 3, 3, 4, 4, 4, 3, 4, 3, 4, 3, 6, 4, 3, 3, 3, 4, 3, 3, 4, 4, 4, 6, 3, 3, 4, 3, 3, 3, 4, 3, 3, 4, 3, 3, 3, 4, 10, 3, 5, 3, 4, 3, 3, 3, 3, 4, 4]

Max connectivity of graph with 98 nodes: 10
Connectivity all nodes: [3, 4, 3, 3, 3, 7, 3, 4, 3, 3, 4, 3, 4, 3, 3, 5, 4, 4, 4, 3, 4, 4, 3, 5, 3, 3, 3, 3, 3, 3, 3, 4, 3, 4, 3, 3, 3, 4, 4, 3, 5, 3, 4, 5, 3, 4, 3, 3, 4, 3, 4, 3, 3, 3, 4, 4, 4, 3, 4, 3, 4, 3, 6, 4, 3, 3, 3, 4, 3, 3, 4, 4, 4, 6, 3, 3, 4, 3, 4, 4, 3, 3, 4, 3, 3, 3, 4, 10, 3, 5, 3, 4, 3, 3, 3, 3, 4, 4]

Max connectivity of graph with 97 nodes: 10
Connectivity all nodes: [3, 4, 3, 3, 3, 7, 3, 4, 3, 3, 4, 3, 4, 3, 3, 5, 4, 4, 4, 3, 4, 4, 3, 5, 3, 3, 3, 3, 3, 3, 3, 4, 3, 4, 3, 3, 3, 4, 4, 3, 5, 3, 4, 5, 3, 4, 3, 3, 4, 3, 4, 3, 3, 3, 4, 4, 4, 3, 4, 3, 4, 3, 6, 4, 3, 3, 3, 4, 3, 3, 4, 4, 4, 6, 3, 4, 4, 3, 4, 4, 3, 4, 3, 3, 3, 4, 10, 3, 5, 3, 4, 3, 3, 3, 3, 4, 4]

Max connectivity of graph with 96 nodes: 10
Connectivity all nodes: [3, 4, 3, 3, 3, 7, 3, 4, 3, 3, 4, 3, 4, 3, 3, 5, 4, 4, 4, 3, 4, 4, 3, 5, 3, 3, 3, 3, 3, 3, 3, 5, 3, 4, 3, 3, 3, 4, 4, 3, 5, 3, 4, 5, 3, 4, 3, 3, 4, 3, 4, 3, 3, 3, 4, 4, 4, 3, 4, 3, 4, 3, 6, 4, 3, 3, 3, 4, 3, 4, 4, 4, 6, 3, 4, 4, 3, 4, 4, 3, 4, 3, 3, 3, 4, 10, 3, 5, 3, 4, 3, 3, 3, 3, 4, 4]

Max connectivity of graph with 95 nodes: 10
Connectivity all nodes: [3, 4, 3, 3, 3, 7, 3, 4, 3, 3, 4, 3, 4, 3, 3, 5, 4, 4, 4, 3, 4, 4, 3, 5, 3, 3, 3, 3, 3, 3, 5, 3, 4, 3, 3, 3, 4, 4, 3, 5, 3, 4, 5, 3, 4, 3, 3, 4, 3, 4, 3, 3, 3, 4, 4, 4, 3, 4, 3, 4, 3, 6, 4, 3, 3, 3, 4, 3, 5, 4, 4, 6, 3, 4, 4, 3, 4, 4, 3, 4, 3, 3, 3, 4, 10, 3, 5, 3, 4, 3, 3, 3, 3, 4, 4]

Max connectivity of graph with 94 nodes: 10
Connectivity all nodes: [3, 4, 3, 3, 3, 7, 3, 4, 3, 3, 4, 3, 4, 3, 3, 5, 4, 4, 4, 3, 4, 4, 3, 5, 3, 3, 3, 3, 3, 3, 5, 3, 4, 3, 3, 3, 4, 4, 3, 5, 3, 4, 5, 4, 4, 3, 4, 3, 4, 3, 3, 3, 4, 4, 4, 3, 4, 3, 4, 3, 6, 4, 3, 3, 3, 4, 3, 5, 4, 4, 6, 3, 4, 4, 3, 4, 4, 3, 4, 3, 3, 3, 4, 10, 3, 5, 3, 4, 3, 3, 3, 3, 4, 4]

Max connectivity of graph with 93 nodes: 10
Connectivity all nodes: [3, 4, 3, 3, 3, 7, 3, 5, 3, 3, 4, 3, 4, 3, 5, 4, 4, 4, 3, 4, 4, 3, 5, 3, 3, 3, 3, 3, 3, 5, 3, 4, 3, 3, 3, 4, 4, 3, 5, 3, 4, 5, 4, 4, 3, 4, 3, 4, 3, 3, 3, 4, 4, 4, 3, 4, 3, 4, 3, 6, 4, 3, 3, 3, 4, 3, 5, 4, 4, 6, 3, 4, 4, 3, 4, 4, 3, 4, 3, 3, 3, 4, 10, 3, 5, 3, 4, 3, 3, 3, 3, 4, 4]

Max connectivity of graph with 92 nodes: 10
Connectivity all nodes: [3, 4, 3, 3, 3, 7, 3, 5, 3, 4, 3, 4, 3, 5, 4, 4, 4, 3, 4, 4, 3, 5, 3, 3, 3, 3, 3, 3, 5, 3, 4, 3, 3, 3, 4, 4, 3, 5, 3, 4, 5, 4, 4, 3, 5, 3, 4, 3, 3, 3, 4, 4, 4, 3, 4, 3, 4, 3, 6, 4, 3, 3, 3, 4, 3, 5, 4, 4, 6, 3, 4, 4, 3, 4, 4, 3, 4, 3, 3, 3, 4, 10, 3, 5, 3, 4, 3, 3, 3, 3, 4, 4]

Max connectivity of graph with 91 nodes: 10
Connectivity all nodes: [3, 4, 3, 3, 3, 7, 3, 6, 3, 4, 3, 3, 5, 4, 4, 4, 3, 4, 4, 3, 5, 3, 3, 3, 3, 3, 3, 5, 3, 4, 3, 3, 3, 4, 4, 3, 5, 3, 4, 5, 4, 4, 3, 4, 3, 4, 3, 3, 3, 4, 4, 4, 3, 4, 3, 4, 3, 6, 4, 3, 3, 3, 4, 3, 5, 4, 4, 6, 3, 4, 4, 3, 4, 4, 3, 4, 3, 3, 3, 4, 10, 3, 5, 3, 4, 3, 3, 3, 3, 4, 4]

Max connectivity of graph with 90 nodes: 10
Connectivity all nodes: [3, 4, 3, 3, 3, 7, 3, 6, 3, 4, 3, 3, 5, 4, 4, 4, 3, 4, 4, 3, 5, 3, 3, 3, 3, 3, 3, 3, 4, 3, 3, 3, 4, 4, 3, 5, 3, 4, 5, 4, 4, 3, 4, 3, 4, 3, 3, 3, 4, 4, 4, 3, 4, 3, 6, 3, 6, 4, 3, 3, 3, 4, 3, 4, 4, 4, 6, 3, 4, 4, 3, 4, 4, 3, 4, 3, 3, 3, 4, 10, 3, 5, 3, 4, 3, 3, 3, 3, 4, 4]